0.421617596581067
0.433152126648889
0.444741733528609
0.426556691395364
0.435016358597664
0.444747694958067
0.432436628352522
0.446114711672405
0.452299884876319
0.443989174483653
0.446247655360133
0.447940010504119
0.442297606948542
0.451791817526210
0.457352904837491
0.446260589363705
0.452692193960620
0.459983775670014
0.449490880375179
0.446707303022974
0.459159264145266
0.437257723938671
0.442428906940081
0.462597966487288
0.428056527303905
0.447765480199470
0.438504438198411
0.443008805402355
0.456109376233156
0.449459518036508
0.446226708315550
0.454447909134901
0.454419861756464
0.457595646505597
0.465775746219907
0.460615108417748
0.459871101942708
0.468513548190091
0.465520957663232
0.455971508888304
0.472043370978324
0.471354003591710
0.465791905000646
0.470451748944365
0.471100545966999
0.454945970119913
0.462213372734115
0.468770987566559
0.453458891560905
0.451602912132302
0.465576963070516
0.441840906371953
0.452520097111649
0.447013233256162
0.463147940077357
0.456612439011906
0.464418766929608
0.454661676156239
0.466533399153897
0.457256090479085
0.459945033102095
0.468269263866784
0.467040710239846
0.475096024382796
0.473028562975722
0.471991202516767
0.468972971183509
0.477860410450142
0.471917513440284
0.469182822736352
0.469698338240738
0.476566801661591
0.470511868293278
0.466080045512351
0.473509474767460
0.472254304663840
0.466087825330518
0.469988936550727
0.465421465069523
0.455311485222180
0.465446443187589
0.446725478721067
0.465338721565051
0.455181332010769
0.467513968169535
0.473586431937290
0.465285680837857
0.458781964669854
0.467136604616471
0.469703139426970
0.470356373402918
0.468726396131795
0.473700404571637
0.474634709775022
0.468288933908177
0.469807952451992
0.467240787394615
0.474809351655948
0.481070802229588
0.473720574037027
0.478200528118655
0.478447274998147
0.470398054353177
0.477874000530668
0.481051528564456
0.471246780683460
0.473121842914882
0.477030946770769
0.468431568835584
0.469842883670911
0.476055765535503
0.464352469267698
0.453014224021420
0.471930677466684
0.443072000551884
0.464983390633914
0.461692220206036
0.459682707946319
0.473401490960504
0.469782256650866
0.471932711695493
0.476610242496040
0.484819983307816
0.481801535525593
0.473763281994525
0.485982166863816
0.473336240638951
0.482586771486667
0.467127422067205
0.473396895056106
0.470902831131915
0.473896177445803
0.476901267823978
0.479572111958433
0.481278831413427
0.476781436206495
0.482203801912671
0.482214574829531
0.477582946013202
0.474940372834648
0.475279911222966
0.475775162961263
0.475914229825144
0.474526336027865
0.472160279917538
0.475239805262302
0.469670976258152
0.463128769354182
0.449584116292459
0.466820102989902
0.439256648232507
0.463525967983806
0.456545362726490
0.468282969690200
0.469307622148487
0.471239019564041
0.469531398011968
0.485756757091435
0.479780065993399
0.476117377275296
0.489912104113774
0.481194579732796
0.481963362210006
0.479619201964620
0.489908256834548
0.479268499590481
0.473809137541701
0.481949403815785
0.471040230916971
0.487828376655639
0.475976772872103
0.479749427769890
0.477624195206061
0.479195296870663
0.476148331632557
0.481377668605866
0.475442437579041
0.478563550845579
0.484437052329826
0.477109453235965
0.474453647252049
0.474746613062428
0.482939646691546
0.468347543760248
0.463082462793289
0.464583962808130
0.453476356289858
0.438734630778126
0.448534970011283
0.441131015436372
0.461168830234610
0.446557431272307
0.465558368432250
0.471670391232959
0.464612395076154
0.464940468488570
0.482638686580641
0.478408894008313
0.485316096971259
0.488435224504281
0.481579684333935
0.490772818773676
0.494233824912913
0.479996936952344
0.483064171623525
0.484072002995453
0.489780030119499
0.476001625836997
0.479606859352513
0.484059632621151
0.488635205474239
0.484572821651424
0.487944715718771
0.475246458263595
0.482380820712750
0.471787612415320
0.476261449861245
0.472338453607491
0.479217442248512
0.473273638360852
0.474495927052249
0.470853808475173
0.468950718483272
0.462565058672669
0.469372762073820
0.460108182569250
0.457838227736536
0.463962437027546
0.449184930310987
0.439072862433992
0.447529316302164
0.434154317994839
0.446264570662795
0.435069985091587
0.456873492879690
0.468055125091756
0.450615387764673
0.466811269076185
0.475377904849161
0.469371852843718
0.475548543304487
0.482010688909612
0.478788581619558
0.483429816851248
0.492132597965633
0.481738890625552
0.486465481108008
0.490677357678977
0.489025689877634
0.492202787926345
0.489882902767036
0.483712094780540
0.492871124409629
0.491145979643048
0.484996789823334
0.885186739744613
0.513045678254800
0.492492588167260
0.481085098179450
0.479209537215906
0.494564857463435
0.476798134167145
0.478737144945253
0.490459756455407
0.470762423600643
0.465925729786830
0.470398941154957
0.469401509265112
0.461554888222139
0.463741363064183
0.451145308186214
0.447457459707994
0.448192602299665
0.440843149950879
0.418299522063949
0.435953703904428
0.449287804297813
0.459415301170623
0.445217305861542
0.468382951975922
0.473582264364534
0.458178707066245
0.470469736118055
0.477961945055307
0.477476400805379
0.486713201692205
0.490109276182672
0.481931436233634
0.488234324703661
0.482530810915879
0.489538994429990
0.483316808228581
0.486243325284024
0.486815802531018
0.488856344505393
0.485694015130599
0.492696387353511
0.492785864317504
0.498404462477420
0.486338394027318
0.492185444627775
0.484461503188202
0.485941476786725
0.474366140984190
0.489498974760557
0.483620390298547
0.502142059386994
0.520977946319743
0.999984741210938
0.477190227138010
0.461304739956570
0.477479593811633
0.458825943283246
0.464145352235088
0.464556670160125
0.453773503610963
0.431724979601537
0.448452928893853
0.457164065915631
0.469830557950949
0.455792505684951
0.468226214618983
0.479490391347990
0.469227221535917
0.471150198468838
0.485624091800013
0.472536281895357
0.488179294522835
0.493123519484417
0.485439551585677
0.491177022236405
0.491584925618394
0.486096950563792
0.491693220368169
0.494374676437494
0.482890479618991
0.492322660107827
0.488058760529671
0.494740484815913
0.493150575956946
0.485935268209151
0.495944117578319
0.480756316859441
0.494526465409781
0.486012369631963
0.512330004069973
0.505484552307001
0.999984741210938
0.478912189644513
0.483752784564249
0.489966758677393
0.472155125594436
0.473511594242518
0.469124435275726
0.466537678692016
0.447775989754630
0.457530449702915
0.463322599094108
0.477354602950575
0.462404867845927
0.468087125790034
0.483024003819757
0.473692433552184
0.485083007636793
0.480669497153767
0.478555169843569
0.486510565209674
0.487156712456059
0.480843223516918
0.484500927492250
0.488367890131211
0.487323410337738
0.486558481996459
0.488503440927347
0.490515384069840
0.490844411340948
0.486279635416986
0.484855779643827
0.494269134836440
0.492397173493053
0.489125197141483
0.482049593143685
0.483794038642376
0.481478799483767
0.478206285410922
0.480670721357662
0.488484496420330
0.473593225160696
0.463882267910267
0.471815258963925
0.464172698537452
0.457298393736450
0.461161989357407
0.465732562628843
0.473552893919327
0.462300558959268
0.469867051418049
0.484728738218666
0.468615755416388
0.477273705342122
0.485007269272943
0.480186472867854
0.485814979859516
0.488485766487044
0.485541139113544
0.488003448262338
0.485094793739084
0.485155247382768
0.488107131493900
0.484842130406792
0.478252763563108
0.485740978566663
0.486294445484371
0.486890813912084
0.476419711475113
0.474635971076453
0.480255596850677
0.480797359806849
0.479912431497311
0.470174218304397
0.469781633144995
0.458846719751037
0.462041301064773
0.461171563618013
0.455752879649827
0.461800534023600
0.470579839293159
0.467978920077348
0.454365700657759
0.477895676706950
0.484886106643676
0.473465316620946
0.479319680390707
0.488942496311704
0.471329904004184
0.479321438682368
0.480935612863817
0.483908536991479
0.475985788430132
0.476222000042913
0.482028663679730
0.487372652319341
0.477584005283647
0.472277280282479
0.478070404259653
0.482799024343929
0.475640527798394
0.479533191746901
0.467587525426624
0.464992701272847
0.476356596478248
0.468671671062585
0.465438332831927
0.460761852058743
0.440272978611842
0.449575726121998
0.463960847982537
0.463936838220192
0.447123969498171
0.480940264072669
0.476476574683846
0.466461353618585
0.474864202147812
0.475882470527404
0.466082556744442
0.480174009628771
0.473757397707223
0.469389101141850
0.479913604079656
0.478137447371802
0.470356184630928
0.480282877957627
0.475092722397376
0.470399729498472
0.475716386174133
0.472296787402414
0.462574741833800
0.469283391344008
0.449712670793643
0.461905374855688
0.459268132127903
0.450499015508024
0.454077196423163
0.461731439498452
0.459773728883010
0.442468991243451
0.466242064197654
0.464932003564644
0.446604606625074
0.467447111555253
0.457498648448843
0.447296219816120
0.464439997534033
0.465650117675389
0.447775097145906
0.463419381253299
0.455014235504352
0.447339754339369
0.459762965925522
0.463697407475745
0.448927709399845
0.460099576341069
0.435480036512128
0.443004589803009
0.449893612985593
0.423697154938062
0.438372621250922
0.666656494140625
0.666656494140625
0.666656494140625
0.666656494140625
0.666656494140625
0.666656494140625
0.666656494140625
0.666656494140625
0.666656494140625
0.666656494140625
0.666656494140625
0.666656494140625
0.666656494140625
0.666656494140625
0.666656494140625
0.666656494140625
0.666656494140625
0.666656494140625
0.666656494140625
0.666656494140625
0.666656494140625
0.666656494140625
0.666656494140625
0.666656494140625
0.666656494140625
0.666656494140625
0.666656494140625
0.666656494140625
0.666656494140625
0.666656494140625
0.666656494140625
0.666656494140625
0.666656494140625
0.666656494140625
0.666656494140625
0.666656494140625
0.666656494140625
0.666656494140625
0.666656494140625
0.666656494140625
0.666656494140625
0.666656494140625
0.666656494140625
0.666656494140625
0.666656494140625
0.666656494140625
0.666656494140625
0.666656494140625
0.666656494140625
0.666656494140625
0.666656494140625
0.666656494140625
0.666656494140625
0.666656494140625
0.666656494140625
0.666656494140625
0.666656494140625
0.666656494140625
0.666656494140625
0.666656494140625
0.666656494140625
0.666656494140625
0.666656494140625
0.666656494140625
0.666656494140625
0.666656494140625
0.666656494140625
0.666656494140625
0.666656494140625
0.666656494140625
0.666656494140625
0.666656494140625
0.666656494140625
0.666656494140625
0.666656494140625
0.666656494140625
0.666656494140625
0.666656494140625
0.666656494140625
0.666656494140625
0.666656494140625
0.666656494140625
0.666656494140625
0.666656494140625
0.666656494140625
0.666656494140625
0.666656494140625
0.666656494140625
0.666656494140625
0.666656494140625
0.666656494140625
0.666656494140625
0.666656494140625
0.666656494140625
0.666656494140625
0.666656494140625
0.666656494140625
0.666656494140625
0.666656494140625
0.666656494140625
0.666656494140625
0.666656494140625
0.666656494140625
0.666656494140625
0.666656494140625
0.666656494140625
0.666656494140625
0.666656494140625
0.666656494140625
0.666656494140625
0.666656494140625
0.666656494140625
0.666656494140625
0.666656494140625
0.666656494140625
0.666656494140625
0.666656494140625
0.666656494140625
0.666656494140625
0.666656494140625
0.666656494140625
0.666656494140625
0.666656494140625
0.666656494140625
0.666656494140625
0.666656494140625
0.666656494140625
0.666656494140625
0.666656494140625
0.666656494140625
0.666656494140625
0.666656494140625
0.666656494140625
0.666656494140625
0.666656494140625
0.666656494140625
0.666656494140625
0.666656494140625
0.666656494140625
0.666656494140625
0.666656494140625
0.666656494140625
0.666656494140625
0.666656494140625
0.666656494140625
0.666656494140625
0.666656494140625
0.666656494140625
0.666656494140625
0.666656494140625
0.666656494140625
0.666656494140625
0.666656494140625
0.666656494140625
0.666656494140625
0.666656494140625
0.666656494140625
0.666656494140625
0.666656494140625
0.666656494140625
0.666656494140625
0.666656494140625
0.666656494140625
0.666656494140625
0.666656494140625
0.666656494140625
0.666656494140625
0.666656494140625
0.666656494140625
0.666656494140625
0.666656494140625
0.666656494140625
0.666656494140625
0.666656494140625
0.666656494140625
0.666656494140625
0.666656494140625
0.666656494140625
0.666656494140625
0.666656494140625
0.666656494140625
0.666656494140625
0.666656494140625
0.666656494140625
0.666656494140625
0.666656494140625
0.666656494140625
0.666656494140625
0.666656494140625
0.666656494140625
0.666656494140625
0.666656494140625
0.666656494140625
0.666656494140625
0.666656494140625
0.666656494140625
0.666656494140625
0.666656494140625
0.666656494140625
0.666656494140625
0.666656494140625
0.666656494140625
0.666656494140625
0.666656494140625
0.666656494140625
0.666656494140625
0.666656494140625
0.666656494140625
0.666656494140625
0.666656494140625
0.666656494140625
0.666656494140625
0.666656494140625
0.666656494140625
0.666656494140625
0.666656494140625
0.666656494140625
0.666656494140625
0.666656494140625
0.666656494140625
0.666656494140625
0.666656494140625
0.666656494140625
0.666656494140625
0.666656494140625
0.666656494140625
0.666656494140625
0.666656494140625
0.666656494140625
0.666656494140625
0.666656494140625
0.666656494140625
0.666656494140625
0.666656494140625
0.666656494140625
0.666656494140625
0.666656494140625
0.666656494140625
0.666656494140625
0.666656494140625
0.666656494140625
0.666656494140625
0.666656494140625
0.666656494140625
0.666656494140625
0.666656494140625
0.666656494140625
0.666656494140625
0.666656494140625
0.666656494140625
0.666656494140625
0.666656494140625
0.666656494140625
0.666656494140625
0.666656494140625
0.666656494140625
0.666656494140625
0.666656494140625
0.666656494140625
0.666656494140625
0.666656494140625
0.666656494140625
0.666656494140625
0.666656494140625
0.666656494140625
0.666656494140625
0.666656494140625
0.666656494140625
0.666656494140625
0.666656494140625
0.666656494140625
0.666656494140625
0.666656494140625
0.666656494140625
0.666656494140625
0.666656494140625
0.666656494140625
0.666656494140625
0.666656494140625
0.666656494140625
0.666656494140625
0.666656494140625
0.666656494140625
0.666656494140625
0.666656494140625
0.666656494140625
0.666656494140625
0.666656494140625
0.666656494140625
0.666656494140625
0.666656494140625
0.666656494140625
0.666656494140625
0.666656494140625
0.666656494140625
0.666656494140625
0.666656494140625
0.666656494140625
0.666656494140625
0.666656494140625
0.666656494140625
0.666656494140625
0.666656494140625
0.666656494140625
0.666656494140625
0.666656494140625
0.666656494140625
0.666656494140625
0.666656494140625
0.666656494140625
0.666656494140625
0.666656494140625
0.666656494140625
0.666656494140625
0.666656494140625
0.666656494140625
0.666656494140625
0.666656494140625
0.666656494140625
0.666656494140625
0.666656494140625
0.666656494140625
0.666656494140625
0.666656494140625
0.666656494140625
0.666656494140625
0.666656494140625
0.666656494140625
0.666656494140625
0.666656494140625
0.666656494140625
0.666656494140625
0.666656494140625
0.666656494140625
0.666656494140625
0.666656494140625
0.666656494140625
0.666656494140625
0.666656494140625
0.666656494140625
0.666656494140625
0.666656494140625
0.666656494140625
0.666656494140625
0.666656494140625
0.666656494140625
0.666656494140625
0.666656494140625
0.666656494140625
0.666656494140625
0.666656494140625
0.666656494140625
0.666656494140625
0.666656494140625
0.666656494140625
0.666656494140625
0.666656494140625
0.666656494140625
0.666656494140625
0.666656494140625
0.666656494140625
0.666656494140625
0.666656494140625
0.666656494140625
0.666656494140625
0.666656494140625
0.666656494140625
0.666656494140625
0.666656494140625
0.666656494140625
0.666656494140625
0.666656494140625
0.666656494140625
0.666656494140625
0.666656494140625
0.666656494140625
0.666656494140625
0.666656494140625
0.666656494140625
0.666656494140625
0.666656494140625
0.666656494140625
0.666656494140625
0.666656494140625
0.666656494140625
0.666656494140625
0.666656494140625
0.666656494140625
0.666656494140625
0.666656494140625
0.666656494140625
0.666656494140625
0.666656494140625
0.666656494140625
0.666656494140625
0.666656494140625
0.666656494140625
0.666656494140625
0.666656494140625
0.666656494140625
0.666656494140625
0.666656494140625
0.666656494140625
0.666656494140625
0.666656494140625
0.666656494140625
0.666656494140625
0.666656494140625
0.666656494140625
0.666656494140625
0.666656494140625
0.666656494140625
0.666656494140625
0.666656494140625
0.666656494140625
0.666656494140625
0.666656494140625
0.666656494140625
0.666656494140625
0.666656494140625
0.666656494140625
0.666656494140625
0.666656494140625
0.666656494140625
0.666656494140625
0.666656494140625
0.666656494140625
0.666656494140625
0.666656494140625
0.666656494140625
0.666656494140625
0.666656494140625
0.666656494140625
0.666656494140625
0.666656494140625
0.666656494140625
0.666656494140625
0.666656494140625
0.666656494140625
0.666656494140625
0.666656494140625
0.666656494140625
0.666656494140625
0.666656494140625
0.666656494140625
0.666656494140625
0.666656494140625
0.666656494140625
0.666656494140625
0.666656494140625
0.666656494140625
0.666656494140625
0.666656494140625
0.666656494140625
0.666656494140625
0.666656494140625
0.666656494140625
0.666656494140625
0.666656494140625
0.666656494140625
0.666656494140625
0.666656494140625
0.666656494140625
0.666656494140625
0.666656494140625
0.666656494140625
0.666656494140625
0.666656494140625
0.666656494140625
0.666656494140625
0.666656494140625
0.666656494140625
0.666656494140625
0.666656494140625
0.666656494140625
0.666656494140625
0.666656494140625
0.666656494140625
0.666656494140625
0.666656494140625
0.666656494140625
0.666656494140625
0.666656494140625
0.666656494140625
0.666656494140625
0.666656494140625
0.666656494140625
0.666656494140625
0.666656494140625
0.666656494140625
0.666656494140625
0.666656494140625
0.666656494140625
0.666656494140625
0.666656494140625
0.666656494140625
0.666656494140625
0.666656494140625
0.666656494140625
0.666656494140625
0.666656494140625
0.666656494140625
0.666656494140625
0.666656494140625
0.666656494140625
0.666656494140625
0.666656494140625
0.666656494140625
0.666656494140625
0.666656494140625
0.666656494140625
0.666656494140625
0.666656494140625
0.666656494140625
0.666656494140625
0.666656494140625
0.666656494140625