0.176967756732126
0.194650866805100
0.202042563328857
0.184790562117999
0.200694270184667
0.206904296107996
0.193180506459471
0.210088354601665
0.214021122232086
0.202009139452003
0.213018133162255
0.215452133621093
0.204969114130710
0.216127066087799
0.222007114795731
0.207873701645217
0.217953332562749
0.223884498775540
0.211089821014600
0.212781195234150
0.225452318651786
0.199747211519217
0.207272689624975
0.222535117643162
0.186603422642723
0.211898735857491
0.202874382832233
0.201497801073234
0.216780167270867
0.214545647109985
0.208644371843712
0.220296372517729
0.220281207362030
0.217975309036722
0.228005384731498
0.224517225209997
0.220309361535765
0.230724066809037
0.230735933966806
0.220086964480549
0.231820165553020
0.232541595971872
0.225515577382407
0.230568170009889
0.232957561465209
0.218786068474429
0.225591348908061
0.232276833674122
0.214077581146271
0.216210228758698
0.229387836122052
0.204798454529967
0.217262156832939
0.215145273645255
0.220016173848438
0.219031627391779
0.228167075548582
0.216152106548048
0.227494341774765
0.223264711068890
0.221577060808930
0.231396604800222
0.230665756971040
0.232997855195952
0.234760869520771
0.234575858857943
0.230346627570757
0.237624553166161
0.236675993393276
0.231305594078300
0.233743461248825
0.239047183910429
0.232487161289656
0.229906759675345
0.237126620157483
0.233199768434626
0.228029187373385
0.234343639943292
0.225504634758520
0.220645944329026
0.231121573214052
0.210840401852359
0.230534166070916
0.219677379441701
0.224620568579002
0.235562731819708
0.230612274419705
0.220137022008902
0.231298125673145
0.234808502624664
0.228567729605672
0.233852578703301
0.234609931465938
0.234015232422938
0.233637267533636
0.233756076027235
0.231777341368509
0.238135198540569
0.241634840474529
0.235170920997697
0.240894732847788
0.240089652883943
0.234209875921719
0.238985246560813
0.242006178576868
0.235879158521861
0.236086429607027
0.240858526857810
0.232374427386970
0.232535742935226
0.238469138761481
0.226337107538714
0.218775873191216
0.233694173684627
0.210218570341219
0.230930730517724
0.221340932807465
0.223995784793247
0.236906772484843
0.234147704184161
0.233151005004888
0.240922549059474
0.242645863083064
0.241524555747527
0.237615198989006
0.245851363422949
0.234478952100631
0.245569053248903
0.232324702875520
0.236228598999324
0.237634742897470
0.237971262885550
0.237851198738230
0.241854041994431
0.242371548008018
0.239477520371795
0.243788246114893
0.242103168048542
0.238939384521965
0.238978488534076
0.239511846743809
0.237365287877436
0.239064618140890
0.238630837786123
0.234217005699113
0.234099121905362
0.234111674832906
0.224882643510466
0.216865197574130
0.228789920119484
0.203602323987127
0.226257511509661
0.214335891119313
0.231288916832451
0.238124825558181
0.233404650726984
0.233091709102509
0.246101570537150
0.242577816147811
0.239801601165337
0.249455952366433
0.245671024138795
0.243444510592989
0.240474112759471
0.250308318432063
0.243767307235003
0.238677078681410
0.246210326358288
0.235963175586906
0.251792391552849
0.238394849412964
0.241794829153456
0.242323600209838
0.242636436015123
0.239214673856457
0.243524863054276
0.241370534524523
0.241424041966061
0.244072010451259
0.240777630026142
0.237382153883916
0.237491349332528
0.242665326184356
0.230056834263644
0.225642619830088
0.231315844482783
0.219301230706768
0.206962371607702
0.217273228309092
0.198985157342462
0.221270724193029
0.205565902844257
0.222668011186736
0.238263225683944
0.226307002427583
0.231972049470028
0.245534539909652
0.241824781678891
0.242619981810704
0.248922571581532
0.245410764490239
0.249425065083762
0.254168337533887
0.245009021468238
0.245312781519555
0.248875002436611
0.251388631914791
0.237430425089549
0.241963772365982
0.248878998212686
0.250876178461684
0.247167065086417
0.250131083787876
0.238640037343746
0.244714851091555
0.236657233175123
0.240528321183486
0.237489092417246
0.242078543594283
0.235390466666733
0.238352386146223
0.234995873885691
0.232449331283537
0.228628359897844
0.233447226523649
0.224676643154026
0.220293899974624
0.228088359533993
0.213723650764368
0.202720560010407
0.212958057639395
0.190218434030846
0.208912595256164
0.193911677449804
0.215609430982069
0.230664750560744
0.214507004777177
0.232078916011788
0.242568237246800
0.235688545251111
0.240543151818672
0.245219624657841
0.244643527974847
0.245727274407581
0.251712162047914
0.246323409884760
0.249199824916589
0.252055920829920
0.251186319690922
0.251057873291275
0.252761287488620
0.248318957560086
0.251932998593089
0.252165524062881
0.248679316434838
0
0.273372225176667
0.215426239104849
0.245752935037378
0.241228912849159
0.253974966788570
0.238543141364325
0.241416653546115
0.249943388368003
0.234387338649779
0.230983983941540
0.234099852259163
0.233388171450772
0.224561237173158
0.228164251206714
0.215817956850831
0.209685433938891
0.213023810284126
0.202563312969471
0.182783850443435
0.199553502525048
0.206607734038555
0.222462590501736
0.207915941223422
0.228240394653668
0.239815350509449
0.222004790576159
0.238290769587057
0.245418749556471
0.242240250881634
0.248026995939385
0.252072472780378
0.246556670256548
0.249053230648683
0.248191120324761
0.251316299457921
0.248351593674999
0.249225425538976
0.250012111873175
0.251801175826733
0.250354779263133
0.252953609101060
0.252767492631750
0.256373757548764
0.249042604863992
0.252473079975823
0.248021119028425
0.249228042847969
0.237914317032973
0.248537932229831
0.246804012385985
0.262385897120963
0.266689199065289
0.681202798755205
0.239727632120014
0.226492978291143
0.240094758126786
0.221840057653316
0.219370358978892
0.222630798594952
0.208982353185781
0.192133035483902
0.205224457399850
0.217698148283138
0.230755056667091
0.217269760427941
0.233940374863649
0.245514628061159
0.233642716547630
0.240488596310313
0.250420667921832
0.242703222496814
0.248885197550878
0.253918886925213
0.248135692968736
0.251028969918197
0.252298932695202
0.251020532408137
0.250748072434415
0.254205740472714
0.247710968271305
0.250742298283462
0.250260786176156
0.254854897542943
0.251884373789748
0.247710930746802
0.253938823839281
0.243943401230638
0.250609526815168
0.248323394360901
0.266187093591650
0.258162129400157
0.670279051232466
0.241346965765435
0.238630234539920
0.246151493325650
0.235215299584110
0.229411356493373
0.231813554001990
0.222715891769031
0.210598442160273
0.214887317467034
0.223374718699762
0.239731208517693
0.224822705516184
0.237008977705162
0.247693360153583
0.239347935379277
0.246110721782819
0.246385701384926
0.244289965372404
0.248011862121205
0.249605171419696
0.244682771791406
0.247825821020857
0.249978647761682
0.248077695428370
0.248455855199187
0.249125545813064
0.250395651079727
0.250187544085501
0.246401746873656
0.247107403061818
0.250574634929720
0.248247076968298
0.247762097962887
0.243527071341297
0.245142545550170
0.242208793029774
0.241204029680235
0.235500667348360
0.244566849257141
0.235733900086553
0.225916014734053
0.228130674061902
0.221900212872731
0.214596165507808
0.219944505394520
0.227729890766699
0.240113605864694
0.226071067684985
0.238656194784733
0.247839659518526
0.238290182082599
0.243063624586697
0.247411751938944
0.243176953549512
0.246980904780877
0.250818444575216
0.247713853854248
0.246939201024262
0.247167299065125
0.245677470979392
0.249068808304947
0.246513660007614
0.242317673896147
0.246135481682323
0.245691583041555
0.245576968195547
0.240170687308848
0.237241451592311
0.239808390999942
0.240181701902410
0.235101206462695
0.231808951261396
0.232053694051039
0.223185157630221
0.225987682502727
0.223306652508755
0.213595558967628
0.217163476546851
0.235550910922839
0.236859143741130
0.221999909560867
0.242031569318753
0.245885492273316
0.236779714254605
0.241398619650892
0.247127533037845
0.234400608260067
0.242375782445455
0.243305535610174
0.243522215810992
0.241150009235749
0.238945512347209
0.242824557632729
0.246539614582153
0.239310713332598
0.234496336814102
0.238888276391511
0.238266179739926
0.235471076527553
0.238548262811655
0.229111568777311
0.227606349118806
0.234172342887195
0.223217743428589
0.222787866835451
0.223263687903272
0.204077400753721
0.210376756144202
0.230192128510686
0.233505225196323
0.216509842444971
0.238760922325635
0.236395368536891
0.225594545267497
0.235589486135619
0.236862060329610
0.227619009765432
0.240463077677776
0.237061893654649
0.229722895473511
0.239866192079113
0.235530703639306
0.231339456886488
0.239016654489275
0.232728656198128
0.225294813131539
0.232984913193859
0.226193220330763
0.222736621331643
0.224992002894010
0.211643153329843
0.215576555241200
0.218131304857052
0.204466436337045
0.205889051081753
0.224823549696999
0.221544378639328
0.205091773517976
0.225923707499677
0.223964507960746
0.208584849961403
0.227011310104336
0.219798984907864
0.211431017884533
0.226868257723559
0.221867961404444
0.211843594723646
0.226455674480510
0.217537087272396
0.209322553615069
0.221940013895453
0.218344364809157
0.208399426941411
0.218316711518878
0.198550674660533
0.201060855502469
0.208661303127688
0.184167382470659
0.190505354464203
0.333328247070313
0.333328247070313
0.333328247070313
0.333328247070313
0.333328247070313
0.333328247070313
0.333328247070313
0.333328247070313
0.333328247070313
0.333328247070313
0.333328247070313
0.333328247070313
0.333328247070313
0.333328247070313
0.333328247070313
0.333328247070313
0.333328247070313
0.333328247070313
0.333328247070313
0.333328247070313
0.333328247070313
0.333328247070313
0.333328247070313
0.333328247070313
0.333328247070313
0.333328247070313
0.333328247070313
0.333328247070313
0.333328247070313
0.333328247070313
0.333328247070313
0.333328247070313
0.333328247070313
0.333328247070313
0.333328247070313
0.333328247070313
0.333328247070313
0.333328247070313
0.333328247070313
0.333328247070313
0.333328247070313
0.333328247070313
0.333328247070313
0.333328247070313
0.333328247070313
0.333328247070313
0.333328247070313
0.333328247070313
0.333328247070313
0.333328247070313
0.333328247070313
0.333328247070313
0.333328247070313
0.333328247070313
0.333328247070313
0.333328247070313
0.333328247070313
0.333328247070313
0.333328247070313
0.333328247070313
0.333328247070313
0.333328247070313
0.333328247070313
0.333328247070313
0.333328247070313
0.333328247070313
0.333328247070313
0.333328247070313
0.333328247070313
0.333328247070313
0.333328247070313
0.333328247070313
0.333328247070313
0.333328247070313
0.333328247070313
0.333328247070313
0.333328247070313
0.333328247070313
0.333328247070313
0.333328247070313
0.333328247070313
0.333328247070313
0.333328247070313
0.333328247070313
0.333328247070313
0.333328247070313
0.333328247070313
0.333328247070313
0.333328247070313
0.333328247070313
0.333328247070313
0.333328247070313
0.333328247070313
0.333328247070313
0.333328247070313
0.333328247070313
0.333328247070313
0.333328247070313
0.333328247070313
0.333328247070313
0.333328247070313
0.333328247070313
0.333328247070313
0.333328247070313
0.333328247070313
0.333328247070313
0.333328247070313
0.333328247070313
0.333328247070313
0.333328247070313
0.333328247070313
0.333328247070313
0.333328247070313
0.333328247070313
0.333328247070313
0.333328247070313
0.333328247070313
0.333328247070313
0.333328247070313
0.333328247070313
0.333328247070313
0.333328247070313
0.333328247070313
0.333328247070313
0.333328247070313
0.333328247070313
0.333328247070313
0.333328247070313
0.333328247070313
0.333328247070313
0.333328247070313
0.333328247070313
0.333328247070313
0.333328247070313
0.333328247070313
0.333328247070313
0.333328247070313
0.333328247070313
0.333328247070313
0.333328247070313
0.333328247070313
0.333328247070313
0.333328247070313
0.333328247070313
0.333328247070313
0.333328247070313
0.333328247070313
0.333328247070313
0.333328247070313
0.333328247070313
0.333328247070313
0.333328247070313
0.333328247070313
0.333328247070313
0.333328247070313
0.333328247070313
0.333328247070313
0.333328247070313
0.333328247070313
0.333328247070313
0.333328247070313
0.333328247070313
0.333328247070313
0.333328247070313
0.333328247070313
0.333328247070313
0.333328247070313
0.333328247070313
0.333328247070313
0.333328247070313
0.333328247070313
0.333328247070313
0.333328247070313
0.333328247070313
0.333328247070313
0.333328247070313
0.333328247070313
0.333328247070313
0.333328247070313
0.333328247070313
0.333328247070313
0.333328247070313
0.333328247070313
0.333328247070313
0.333328247070313
0.333328247070313
0.333328247070313
0.333328247070313
0.333328247070313
0.333328247070313
0.333328247070313
0.333328247070313
0.333328247070313
0.333328247070313
0.333328247070313
0.333328247070313
0.333328247070313
0.333328247070313
0.333328247070313
0.333328247070313
0.333328247070313
0.333328247070313
0.333328247070313
0.333328247070313
0.333328247070313
0.333328247070313
0.333328247070313
0.333328247070313
0.333328247070313
0.333328247070313
0.333328247070313
0.333328247070313
0.333328247070313
0.333328247070313
0.333328247070313
0.333328247070313
0.333328247070313
0.333328247070313
0.333328247070313
0.333328247070313
0.333328247070313
0.333328247070313
0.333328247070313
0.333328247070313
0.333328247070313
0.333328247070313
0.333328247070313
0.333328247070313
0.333328247070313
0.333328247070313
0.333328247070313
0.333328247070313
0.333328247070313
0.333328247070313
0.333328247070313
0.333328247070313
0.333328247070313
0.333328247070313
0.333328247070313
0.333328247070313
0.333328247070313
0.333328247070313
0.333328247070313
0.333328247070313
0.333328247070313
0.333328247070313
0.333328247070313
0.333328247070313
0.333328247070313
0.333328247070313
0.333328247070313
0.333328247070313
0.333328247070313
0.333328247070313
0.333328247070313
0.333328247070313
0.333328247070313
0.333328247070313
0.333328247070313
0.333328247070313
0.333328247070313
0.333328247070313
0.333328247070313
0.333328247070313
0.333328247070313
0.333328247070313
0.333328247070313
0.333328247070313
0.333328247070313
0.333328247070313
0.333328247070313
0.333328247070313
0.333328247070313
0.333328247070313
0.333328247070313
0.333328247070313
0.333328247070313
0.333328247070313
0.333328247070313
0.333328247070313
0.333328247070313
0.333328247070313
0.333328247070313
0.333328247070313
0.333328247070313
0.333328247070313
0.333328247070313
0.333328247070313
0.333328247070313
0.333328247070313
0.333328247070313
0.333328247070313
0.333328247070313
0.333328247070313
0.333328247070313
0.333328247070313
0.333328247070313
0.333328247070313
0.333328247070313
0.333328247070313
0.333328247070313
0.333328247070313
0.333328247070313
0.333328247070313
0.333328247070313
0.333328247070313
0.333328247070313
0.333328247070313
0.333328247070313
0.333328247070313
0.333328247070313
0.333328247070313
0.333328247070313
0.333328247070313
0.333328247070313
0.333328247070313
0.333328247070313
0.333328247070313
0.333328247070313
0.333328247070313
0.333328247070313
0.333328247070313
0.333328247070313
0.333328247070313
0.333328247070313
0.333328247070313
0.333328247070313
0.333328247070313
0.333328247070313
0.333328247070313
0.333328247070313
0.333328247070313
0.333328247070313
0.333328247070313
0.333328247070313
0.333328247070313
0.333328247070313
0.333328247070313
0.333328247070313
0.333328247070313
0.333328247070313
0.333328247070313
0.333328247070313
0.333328247070313
0.333328247070313
0.333328247070313
0.333328247070313
0.333328247070313
0.333328247070313
0.333328247070313
0.333328247070313
0.333328247070313
0.333328247070313
0.333328247070313
0.333328247070313
0.333328247070313
0.333328247070313
0.333328247070313
0.333328247070313
0.333328247070313
0.333328247070313
0.333328247070313
0.333328247070313
0.333328247070313
0.333328247070313
0.333328247070313
0.333328247070313
0.333328247070313
0.333328247070313
0.333328247070313
0.333328247070313
0.333328247070313
0.333328247070313
0.333328247070313
0.333328247070313
0.333328247070313
0.333328247070313
0.333328247070313
0.333328247070313
0.333328247070313
0.333328247070313
0.333328247070313
0.333328247070313
0.333328247070313
0.333328247070313
0.333328247070313
0.333328247070313
0.333328247070313
0.333328247070313
0.333328247070313
0.333328247070313
0.333328247070313
0.333328247070313
0.333328247070313
0.333328247070313
0.333328247070313
0.333328247070313
0.333328247070313
0.333328247070313
0.333328247070313
0.333328247070313
0.333328247070313
0.333328247070313
0.333328247070313
0.333328247070313
0.333328247070313
0.333328247070313
0.333328247070313
0.333328247070313
0.333328247070313
0.333328247070313
0.333328247070313
0.333328247070313
0.333328247070313
0.333328247070313
0.333328247070313
0.333328247070313
0.333328247070313
0.333328247070313
0.333328247070313
0.333328247070313
0.333328247070313
0.333328247070313
0.333328247070313
0.333328247070313
0.333328247070313
0.333328247070313
0.333328247070313
0.333328247070313
0.333328247070313
0.333328247070313
0.333328247070313
0.333328247070313
0.333328247070313
0.333328247070313
0.333328247070313
0.333328247070313
0.333328247070313
0.333328247070313
0.333328247070313
0.333328247070313
0.333328247070313
0.333328247070313
0.333328247070313
0.333328247070313
0.333328247070313
0.333328247070313
0.333328247070313
0.333328247070313
0.333328247070313
0.333328247070313
0.333328247070313
0.333328247070313
0.333328247070313
0.333328247070313
0.333328247070313
0.333328247070313
0.333328247070313
0.333328247070313
0.333328247070313
0.333328247070313
0.333328247070313
0.333328247070313
0.333328247070313
0.333328247070313
0.333328247070313
0.333328247070313
0.333328247070313
0.333328247070313
0.333328247070313
0.333328247070313
0.333328247070313
0.333328247070313
0.333328247070313
0.333328247070313
0.333328247070313
0.333328247070313
0.333328247070313
0.333328247070313
0.333328247070313
0.333328247070313
0.333328247070313
0.333328247070313
0.333328247070313
0.333328247070313
0.333328247070313
0.333328247070313
0.333328247070313
0.333328247070313
0.333328247070313
0.333328247070313
0.333328247070313
0.333328247070313
0.333328247070313
0.333328247070313
0.333328247070313
0.333328247070313
0.333328247070313
0.333328247070313
0.333328247070313
0.333328247070313
0.333328247070313
0.333328247070313
0.333328247070313
0.333328247070313
0.333328247070313
0.333328247070313
0.333328247070313
0.333328247070313
0.333328247070313
0.333328247070313
0.333328247070313
0.333328247070313
0.333328247070313
0.333328247070313
0.333328247070313
0.333328247070313