0.631355320746487
0.641080852216490
0.654331884408466
0.636993311392729
0.641475289614167
0.654222647997722
0.641250613448595
0.651803457911730
0.661440604750173
0.654274915266387
0.650358362155730
0.653135286934534
0.650742903659316
0.658640226097075
0.664688299359776
0.655850628065461
0.657776587806029
0.666950396269321
0.658784649522178
0.651361878673010
0.664952596449978
0.643420428330544
0.647394872965213
0.672006366819291
0.636531703019079
0.653619736628790
0.645225260664572
0.652887011844392
0.664988616237990
0.654380296559902
0.653609613931313
0.659452660132941
0.659364622592820
0.665795020681496
0.672906517348607
0.666405879593442
0.666023679407322
0.675125299238527
0.670081187770450
0.661599072180316
0.681424889390875
0.679006290893100
0.675187124155672
0.678567152382526
0.679683553460027
0.660198858608999
0.667624151951500
0.675074349704148
0.659014490295678
0.655151288309441
0.671549528090970
0.644561454525858
0.656436606495798
0.648241063686158
0.671254495745093
0.662257074067050
0.668375918370323
0.658840563642304
0.672607524716398
0.660309586028468
0.666333272937052
0.673118845155367
0.671600753485759
0.684543463404594
0.678538984060654
0.677104666391477
0.675370477947249
0.685621982013084
0.675446035879224
0.674315500925758
0.673978697149009
0.682684626259838
0.676124383820830
0.669202019121311
0.677399983114329
0.679141706819809
0.669429453442993
0.673409104633286
0.672001240430209
0.656867664796558
0.668482048523900
0.648074304184546
0.668152479299320
0.658062380016713
0.675669437214836
0.676205190924306
0.667190666485561
0.664739884115065
0.669036657896866
0.671926087613462
0.677111599013694
0.671557806762714
0.679751041589804
0.680639630731740
0.670563931605457
0.674158025107276
0.669971106103944
0.678336607280820
0.687555678728916
0.679202095576727
0.682907464539734
0.682628908736034
0.675055153648692
0.683093277136284
0.686940634143178
0.705005193024713
0.698755279852553
0.675551242496665
0.671450764999544
0.673864059746697
0.680849428325484
0.668857862653771
0.653683320634476
0.676980234010749
0.643428243956199
0.667541974388817
0.669278921083368
0.661612057579491
0.674537088033826
0.672217289543886
0.675030620087725
0.678156609784711
0.691090164180037
0.686799560689480
0.677380898174517
0.690812999165884
0.678588087974510
0.684196693252010
0.667760983065510
0.677061619235489
0.671804410514387
0.676921898012184
0.681916211955851
0.683552359681357
0.686870794315663
0.681862951939312
0.687637512335054
0.688446399271631
0.683143642145516
0.677715176475077
0.678021514978071
0.680622410592752
0.679610958983111
0.677112555158587
0.675094294744051
0.680794968599897
0.672145351393926
0.667862246557836
0.650829642256468
0.671642323954527
0.641649083940948
0.667588751201808
0.665361519910081
0.671354386044895
0.667585010784286
0.675408148770323
0.670522343954091
0.690050320438481
0.683065515288409
0.678193122211408
0.695115529948574
0.681924521894186
0.683802674235598
0.683603230160069
0.694100360107749
0.679301474817418
0.675521983653640
0.682623276478825
0.672957698703320
0.689761439500527
0.679220651714690
0.684342219166957
0.679953557561314
0.682701330650020
0.679316650952953
0.686136463817949
0.677597227851921
0.682232181023038
0.689559798812564
0.680366676188551
0.677501661625641
0.677400799434060
0.689765389969863
0.672544186122023
0.667117927088871
0.665071427341317
0.655600705686379
0.637927003768472
0.649687819580858
0.648623876993918
0.667882678098782
0.654278736700066
0.672364197735464
0.673042919415047
0.667981695719859
0.664168711756759
0.685168141371313
0.680553525941475
0.690485548587920
0.691422599550320
0.683032352972511
0.696752744552933
0.697629039064532
0.680804386178763
0.684231705474650
0.685058084365825
0.692071146668237
0.678427585770118
0.682845498005216
0.684331011546335
0.692278793349895
0.689486706288411
0.691350105106724
0.678376090778486
0.687245086345436
0.674822022765123
0.679828031640237
0.673930106745249
0.683458827844043
0.676435727932507
0.676492470614647
0.673322742318847
0.672034729709354
0.663492440126117
0.672041817123032
0.661906629023467
0.661059714979923
0.666733161553048
0.652051252669257
0.641190047710127
0.651010940935489
0.642331006587683
0.652700980967757
0.642718178824451
0.662878927082059
0.672987552805799
0.653410200910406
0.668227510368349
0.673687018311624
0.670680442362525
0.675748416285818
0.682989718135190
0.679506096223272
0.686028386299578
0.694944150301163
0.681425928715234
0.687840356974029
0.693310789049937
0.692279019980684
0.695893485781259
0.692185443352259
0.684625157791455
0.696852896533346
0.695457496624458
0.686038613906595
0.999984741210938
0.718175773301805
0.706939772649459
0.682773015816291
0.685018016968427
0.701417927377688
0.680832031678377
0.681820210989213
0.695549550773414
0.672775705206036
0.667140389066501
0.672677455687001
0.673580351065836
0.665024219876353
0.667678865233816
0.654523512786589
0.652445782555839
0.650767403501371
0.646248507510776
0.619001469699753
0.641022117036235
0.657990850795744
0.663603010718183
0.649081548337174
0.673010783688211
0.675099187315046
0.660385950732812
0.667647901962217
0.676182765635389
0.678551858843983
0.688949219771340
0.693136143957998
0.681785326887748
0.691399058091507
0.681545576616842
0.692701550646807
0.682949163011306
0.688069038603304
0.688862803156978
0.690501535476941
0.686906095669735
0.697115905222860
0.697012913788926
0.703932410579006
0.688540344243664
0.697999375867172
0.687232920499262
0.689386326867632
0.678003042273997
0.695913542764372
0.685750595697607
0.700440847683285
0.732172863801130
0.999984741210938
0.678531753101236
0.661742061583780
0.680608480243724
0.662629365668445
0.674245593129936
0.674222546754832
0.665544430747215
0.636902772123572
0.658941867823734
0.663810088007420
0.674905300510220
0.660492282515800
0.668848214297960
0.680067007145913
0.671422259394442
0.682540661406642
0.675553037787075
0.685181562380353
0.690783219028778
0.696502314039722
0.687655169981640
0.693835974148532
0.695599858586010
0.687140855760224
0.696035216580680
0.699205096891705
0.683886686703979
0.697812653140019
0.691681410896695
0.700243799099988
0.699400190880505
0.690437801331404
0.703534584613146
0.684514018470571
0.704877251133293
0.691115914733649
0.721242623156694
0.711242032568438
0.999984741210938
0.680932158856015
0.693356908992589
0.699234384743028
0.675315663043812
0.681898201902150
0.673868792348817
0.675900774113978
0.650146515817696
0.668441383068302
0.669069417099865
0.681364642932514
0.666701333389739
0.665333888562922
0.683221520903430
0.675370597916273
0.687761781726581
0.680722648751114
0.678911860943935
0.689502353010596
0.688885432520225
0.681992486857681
0.687562674949083
0.691306492127318
0.691725241597537
0.689564152617354
0.693246443013238
0.695792866033501
0.697157858198331
0.691362323030456
0.689208088793847
0.703785592246944
0.703074991865877
0.696716906405070
0.687622777970874
0.688930728671253
0.687051372922265
0.681818909156625
0.692257323968308
0.699117162754482
0.678609797222342
0.667487513020999
0.682429765241605
0.675363703532842
0.664894062957675
0.669056034602897
0.669978252521785
0.673783415297664
0.664186669210438
0.667973557256709
0.686647730812369
0.666183017254968
0.676479900658751
0.688028496772237
0.683108233042911
0.689687236902692
0.692169959137826
0.688173746272595
0.693630605717540
0.688122276690342
0.689940882841227
0.693546692514638
0.689884678158531
0.681301442625923
0.692489150737096
0.693743059486190
0.694330408801364
0.680732405809516
0.680786369368276
0.688725747778306
0.687769384433829
0.692288719379710
0.676328906086822
0.674420518114390
0.662792386861926
0.666136591677311
0.666597642600243
0.663999243217176
0.672971555072275
0.672171262683894
0.666026399931301
0.654056355545777
0.680030718260805
0.688039234602524
0.675791147935936
0.681242458387021
0.694380947148870
0.673397987402046
0.681073736240941
0.684266228369691
0.689309978923082
0.677809062258529
0.679650604531237
0.686663051647282
0.694501678763292
0.682821019075331
0.676858569596241
0.685540260155151
0.694822435262131
0.684149053293212
0.689022672460996
0.674048624233274
0.671934598597474
0.684873480334684
0.680457949641771
0.676436661763131
0.666401669470393
0.643222609400945
0.655852015591002
0.665503898569081
0.662468659725612
0.645290303700472
0.687705319037542
0.682348839610214
0.673588881979024
0.679740984635287
0.681357372320698
0.671366561308804
0.686662202775384
0.679097591080083
0.675540858442593
0.685867717822756
0.687395266752360
0.677613424256567
0.688045066924009
0.685359516706126
0.682595944105487
0.686934720955926
0.686897567649970
0.672053672338735
0.682931131663647
0.657194969181813
0.676146801561836
0.668764207666333
0.662312406770964
0.668742682682335
0.666457429150624
0.663989409775156
0.645834316450468
0.672761694812280
0.671392226178201
0.651610277777850
0.675566506390650
0.660807394632900
0.650898342201988
0.668764901038501
0.675757949062134
0.650815536830973
0.669541000394749
0.660563000633824
0.652493173080936
0.667347961523276
0.676400401221276
0.657946083209618
0.671090101027979
0.641061291945438
0.653520159160854
0.660283205147539
0.630533891448650
0.652415957267115
0.666656494140625
0.666656494140625
0.666656494140625
0.666656494140625
0.666656494140625
0.666656494140625
0.666656494140625
0.666656494140625
0.666656494140625
0.666656494140625
0.666656494140625
0.666656494140625
0.666656494140625
0.666656494140625
0.666656494140625
0.666656494140625
0.666656494140625
0.666656494140625
0.666656494140625
0.666656494140625
0.666656494140625
0.666656494140625
0.666656494140625
0.666656494140625
0.666656494140625
0.666656494140625
0.666656494140625
0.666656494140625
0.666656494140625
0.666656494140625
0.666656494140625
0.666656494140625
0.666656494140625
0.666656494140625
0.666656494140625
0.666656494140625
0.666656494140625
0.666656494140625
0.666656494140625
0.666656494140625
0.666656494140625
0.666656494140625
0.666656494140625
0.666656494140625
0.666656494140625
0.666656494140625
0.666656494140625
0.666656494140625
0.666656494140625
0.666656494140625
0.666656494140625
0.666656494140625
0.666656494140625
0.666656494140625
0.666656494140625
0.666656494140625
0.666656494140625
0.666656494140625
0.666656494140625
0.666656494140625
0.666656494140625
0.666656494140625
0.666656494140625
0.666656494140625
0.666656494140625
0.666656494140625
0.666656494140625
0.666656494140625
0.666656494140625
0.666656494140625
0.666656494140625
0.666656494140625
0.666656494140625
0.666656494140625
0.666656494140625
0.666656494140625
0.666656494140625
0.666656494140625
0.666656494140625
0.666656494140625
0.666656494140625
0.666656494140625
0.666656494140625
0.666656494140625
0.666656494140625
0.666656494140625
0.666656494140625
0.666656494140625
0.666656494140625
0.666656494140625
0.666656494140625
0.666656494140625
0.666656494140625
0.666656494140625
0.666656494140625
0.666656494140625
0.666656494140625
0.666656494140625
0.666656494140625
0.666656494140625
0.666656494140625
0.666656494140625
0.666656494140625
0.666656494140625
0.666656494140625
0.666656494140625
0.666656494140625
0.666656494140625
0.666656494140625
0.666656494140625
0.666656494140625
0.666656494140625
0.666656494140625
0.666656494140625
0.666656494140625
0.666656494140625
0.666656494140625
0.666656494140625
0.666656494140625
0.666656494140625
0.666656494140625
0.666656494140625
0.666656494140625
0.666656494140625
0.666656494140625
0.666656494140625
0.666656494140625
0.666656494140625
0.666656494140625
0.666656494140625
0.666656494140625
0.666656494140625
0.666656494140625
0.666656494140625
0.666656494140625
0.666656494140625
0.666656494140625
0.666656494140625
0.666656494140625
0.666656494140625
0.666656494140625
0.666656494140625
0.666656494140625
0.666656494140625
0.666656494140625
0.666656494140625
0.666656494140625
0.666656494140625
0.666656494140625
0.666656494140625
0.666656494140625
0.666656494140625
0.666656494140625
0.666656494140625
0.666656494140625
0.666656494140625
0.666656494140625
0.666656494140625
0.666656494140625
0.666656494140625
0.666656494140625
0.666656494140625
0.666656494140625
0.666656494140625
0.666656494140625
0.666656494140625
0.666656494140625
0.666656494140625
0.666656494140625
0.666656494140625
0.666656494140625
0.666656494140625
0.666656494140625
0.666656494140625
0.666656494140625
0.666656494140625
0.666656494140625
0.666656494140625
0.666656494140625
0.666656494140625
0.666656494140625
0.666656494140625
0.666656494140625
0.666656494140625
0.666656494140625
0.666656494140625
0.666656494140625
0.666656494140625
0.666656494140625
0.666656494140625
0.666656494140625
0.666656494140625
0.666656494140625
0.666656494140625
0.666656494140625
0.666656494140625
0.666656494140625
0.666656494140625
0.666656494140625
0.666656494140625
0.666656494140625
0.666656494140625
0.666656494140625
0.666656494140625
0.666656494140625
0.666656494140625
0.666656494140625
0.666656494140625
0.666656494140625
0.666656494140625
0.666656494140625
0.666656494140625
0.666656494140625
0.666656494140625
0.666656494140625
0.666656494140625
0.666656494140625
0.666656494140625
0.666656494140625
0.666656494140625
0.666656494140625
0.666656494140625
0.666656494140625
0.666656494140625
0.666656494140625
0.666656494140625
0.666656494140625
0.666656494140625
0.666656494140625
0.666656494140625
0.666656494140625
0.666656494140625
0.666656494140625
0.666656494140625
0.666656494140625
0.666656494140625
0.666656494140625
0.666656494140625
0.666656494140625
0.666656494140625
0.666656494140625
0.666656494140625
0.666656494140625
0.666656494140625
0.666656494140625
0.666656494140625
0.666656494140625
0.666656494140625
0.666656494140625
0.666656494140625
0.666656494140625
0.666656494140625
0.666656494140625
0.666656494140625
0.666656494140625
0.666656494140625
0.666656494140625
0.666656494140625
0.666656494140625
0.666656494140625
0.666656494140625
0.666656494140625
0.666656494140625
0.666656494140625
0.666656494140625
0.666656494140625
0.666656494140625
0.666656494140625
0.666656494140625
0.666656494140625
0.666656494140625
0.666656494140625
0.666656494140625
0.666656494140625
0.666656494140625
0.666656494140625
0.666656494140625
0.666656494140625
0.666656494140625
0.666656494140625
0.666656494140625
0.666656494140625
0.666656494140625
0.666656494140625
0.666656494140625
0.666656494140625
0.666656494140625
0.666656494140625
0.666656494140625
0.666656494140625
0.666656494140625
0.666656494140625
0.666656494140625
0.666656494140625
0.666656494140625
0.666656494140625
0.666656494140625
0.666656494140625
0.666656494140625
0.666656494140625
0.666656494140625
0.666656494140625
0.666656494140625
0.666656494140625
0.666656494140625
0.666656494140625
0.666656494140625
0.666656494140625
0.666656494140625
0.666656494140625
0.666656494140625
0.666656494140625
0.666656494140625
0.666656494140625
0.666656494140625
0.666656494140625
0.666656494140625
0.666656494140625
0.666656494140625
0.666656494140625
0.666656494140625
0.666656494140625
0.666656494140625
0.666656494140625
0.666656494140625
0.666656494140625
0.666656494140625
0.666656494140625
0.666656494140625
0.666656494140625
0.666656494140625
0.666656494140625
0.666656494140625
0.666656494140625
0.666656494140625
0.666656494140625
0.666656494140625
0.666656494140625
0.666656494140625
0.666656494140625
0.666656494140625
0.666656494140625
0.666656494140625
0.666656494140625
0.666656494140625
0.666656494140625
0.666656494140625
0.666656494140625
0.666656494140625
0.666656494140625
0.666656494140625
0.666656494140625
0.666656494140625
0.666656494140625
0.666656494140625
0.666656494140625
0.666656494140625
0.666656494140625
0.666656494140625
0.666656494140625
0.666656494140625
0.666656494140625
0.666656494140625
0.666656494140625
0.666656494140625
0.666656494140625
0.666656494140625
0.666656494140625
0.666656494140625
0.666656494140625
0.666656494140625
0.666656494140625
0.666656494140625
0.666656494140625
0.666656494140625
0.666656494140625
0.666656494140625
0.666656494140625
0.666656494140625
0.666656494140625
0.666656494140625
0.666656494140625
0.666656494140625
0.666656494140625
0.666656494140625
0.666656494140625
0.666656494140625
0.666656494140625
0.666656494140625
0.666656494140625
0.666656494140625
0.666656494140625
0.666656494140625
0.666656494140625
0.666656494140625
0.666656494140625
0.666656494140625
0.666656494140625
0.666656494140625
0.666656494140625
0.666656494140625
0.666656494140625
0.666656494140625
0.666656494140625
0.666656494140625
0.666656494140625
0.666656494140625
0.666656494140625
0.666656494140625
0.666656494140625
0.666656494140625
0.666656494140625
0.666656494140625
0.666656494140625
0.666656494140625
0.666656494140625
0.666656494140625
0.666656494140625
0.666656494140625
0.666656494140625
0.666656494140625
0.666656494140625
0.666656494140625
0.666656494140625
0.666656494140625
0.666656494140625
0.666656494140625
0.666656494140625
0.666656494140625
0.666656494140625
0.666656494140625
0.666656494140625
0.666656494140625
0.666656494140625
0.666656494140625
0.666656494140625
0.666656494140625
0.666656494140625
0.666656494140625
0.666656494140625
0.666656494140625
0.666656494140625
0.666656494140625
0.666656494140625
0.666656494140625
0.666656494140625
0.666656494140625
0.666656494140625
0.666656494140625
0.666656494140625
0.666656494140625
0.666656494140625
0.666656494140625
0.666656494140625
0.666656494140625
0.666656494140625
0.666656494140625
0.666656494140625
0.666656494140625
0.666656494140625
0.666656494140625
0.666656494140625
0.666656494140625
0.666656494140625
0.666656494140625
0.666656494140625
0.666656494140625
0.666656494140625
0.666656494140625
0.666656494140625
0.666656494140625
0.666656494140625
0.666656494140625
0.666656494140625
0.666656494140625
0.666656494140625
0.666656494140625
0.666656494140625
0.666656494140625
0.666656494140625
0.666656494140625
0.666656494140625
0.666656494140625
0.666656494140625
0.666656494140625
0.666656494140625
0.666656494140625
0.666656494140625
0.666656494140625
0.666656494140625
0.666656494140625
0.666656494140625
0.666656494140625
0.666656494140625
0.666656494140625
0.666656494140625
0.666656494140625
0.666656494140625
0.666656494140625
0.666656494140625
0.666656494140625
0.666656494140625
0.666656494140625
0.666656494140625
0.666656494140625
0.666656494140625
0.666656494140625
0.666656494140625
0.666656494140625
0.666656494140625
0.666656494140625
0.666656494140625
0.666656494140625
0.666656494140625
0.666656494140625
0.666656494140625
0.666656494140625